// Game: Shoot 02
// Format: Standard
// entity 0
{
"classname" "worldspawn"
"_tb_textures" "textures"
// brush 0
{
( -128 -64 -16 ) ( -128 -63 -16 ) ( -128 -64 -15 ) conc00 64 64 0 1 1
( -64 -128 -16 ) ( -64 -128 -15 ) ( -63 -128 -16 ) conc00 64 64 0 1 1
( -64 -64 -16 ) ( -63 -64 -16 ) ( -64 -63 -16 ) conc00 64 64 0 1 1
( 64 64 16 ) ( 64 65 16 ) ( 65 64 16 ) conc00 64 64 0 1 1
( 64 128 16 ) ( 65 128 16 ) ( 64 128 17 ) conc00 64 64 0 1 1
( 128 64 16 ) ( 128 64 17 ) ( 128 65 16 ) conc00 64 64 0 1 1
}
// brush 1
{
( 128 112 16 ) ( 128 113 16 ) ( 128 112 17 ) conc00 0 0 0 1 1
( 112 -128 16 ) ( 112 -128 17 ) ( 113 -128 16 ) conc00 0 0 0 1 1
( 112 112 16 ) ( 113 112 16 ) ( 112 113 16 ) conc00 0 0 0 1 1
( 160 128 256 ) ( 160 129 256 ) ( 161 128 256 ) conc00 0 0 0 1 1
( 160 128 32 ) ( 161 128 32 ) ( 160 128 33 ) conc00 0 0 0 1 1
( 160 128 32 ) ( 160 128 33 ) ( 160 129 32 ) conc00 0 0 0 1 1
}
// brush 2
{
( 112 112 16 ) ( 112 113 16 ) ( 112 112 17 ) conc00 0 0 0 1 1
( 112 -128 16 ) ( 112 -128 17 ) ( 113 -128 16 ) conc00 0 0 0 1 1
( 160 128 256 ) ( 161 128 256 ) ( 160 129 256 ) conc00 0 0 0 1 1
( 160 128 272 ) ( 160 129 272 ) ( 161 128 272 ) conc00 0 0 0 1 1
( 160 128 32 ) ( 161 128 32 ) ( 160 128 33 ) conc00 0 0 0 1 1
( 160 128 32 ) ( 160 128 33 ) ( 160 129 32 ) conc00 0 0 0 1 1
}
}
